0.0007142857	25933
0.002142857	35039
0.0035714284	34730
0.005	34885
0.0064285714	34680
0.007857143	34762
0.0092857145	34745
0.010714285	35406
0.012142858	36690
0.013571428	36448
0.015000001	36919
0.016428571	36412
0.017857142	36585
0.019285714	36989
0.020714287	36527
0.022142857	36612
0.023571428	36653
0.025	36374
0.026428571	36394
0.027857143	36168
0.029285714	36304
0.030714285	36238
0.032142855	35987
0.03357143	35840
0.035	35885
0.03642857	35733
0.037857145	35835
0.039285712	36003
0.040714286	35618
0.042142857	35971
0.043571427	35354
0.045	35473
0.04642857	35600
0.047857143	35535
0.049285717	35180
0.050714284	35403
0.05214286	35196
0.053571425	35468
0.055	35269
0.056428574	35614
0.05785714	35143
0.059285715	35133
0.060714286	35250
0.062142856	35215
0.06357143	34931
0.065	35015
0.06642857	34749
0.067857146	34752
0.06928571	34822
0.07071429	34696
0.072142854	34527
0.07357143	34769
0.075	34848
0.07642857	35007
0.077857144	34648
0.07928571	34536
0.080714285	34502
0.08214286	34518
0.08357143	34475
0.085	33963
0.08642857	34109
0.08785714	33967
0.08928572	34336
0.09071429	34176
0.09214286	33467
0.093571424	33482
0.095	33637
0.09642857	33653
0.09785715	33685
0.099285714	33471
0.10071428	33507
0.102142856	33382
0.10357143	33121
0.105000004	33483
0.10642857	33165
0.10785714	32840
0.10928571	33424
0.11071429	33043
0.11214286	33200
0.11357143	32686
0.115	32911
0.11642857	33052
0.11785714	33174
0.11928572	32409
0.120714284	32931
0.12214286	32717
0.123571426	32832
0.125	32813
0.12642857	32896
0.12785715	32420
0.12928572	32164
0.13071428	32354
0.13214286	32423
0.13357143	32416
0.135	32391
0.13642856	32681
0.13785714	32183
0.13928571	31919
0.14071429	32216
0.14214286	32058
0.14357144	32249
0.145	32384
0.14642857	32020
0.14785714	32020
0.14928572	32247
0.15071428	31955
0.15214285	32062
0.15357143	31853
0.155	32047
0.15642858	32007
0.15785715	31961
0.15928571	31757
0.16071428	31879
0.16214286	31870
0.16357143	31748
0.16499999	31683
0.16642857	31785
0.16785714	31669
0.16928571	31633
0.17071429	31516
0.17214286	31857
0.17357142	31308
0.175	31581
0.17642857	31952
0.17785715	31598
0.17928572	31866
0.18071428	32456
0.18214285	33044
0.18357143	33910
0.185	35138
0.18642858	36442
0.18785715	36399
0.18928571	36678
0.19071428	36544
0.19214286	36550
0.19357143	36630
0.195	36538
0.19642857	36373
0.19785714	36123
0.19928572	35929
0.20071429	35453
0.20214286	35140
0.20357142	35494
0.205	34820
0.20642857	34432
0.20785715	34040
0.2092857	34133
0.21071428	33520
0.21214285	33525
0.21357143	32932
0.215	32968
0.21642858	32965
0.21785714	32531
0.21928571	32151
0.22071429	32023
0.22214286	31910
0.22357142	31425
0.225	31375
0.22642857	31341
0.22785714	31021
0.22928572	31007
0.23071429	30483
0.23214287	30656
0.23357143	30196
0.235	29905
0.23642857	30093
0.23785715	30072
0.23928571	29934
0.24071428	30070
0.24214286	29647
0.24357143	29424
0.245	29760
0.24642858	29556
0.24785714	29246
0.24928571	29333
0.2507143	29370
0.25214285	29038
0.25357145	28976
0.255	29347
0.2564286	29162
0.25785714	29060
0.2592857	28935
0.2607143	28849
0.26214284	28830
0.26357144	28783
0.265	29082
0.2664286	28629
0.26785713	28683
0.26928574	28658
0.27071428	28761
0.27214286	28261
0.27357143	28616
0.27499998	28161
0.27642858	28382
0.27785712	28591
0.27928573	28066
0.28071427	28381
0.28214288	28407
0.28357142	28223
0.28500003	28114
0.28642857	28175
0.28785712	28251
0.28928572	28263
0.29071426	27947
0.29214287	28011
0.2935714	27900
0.29500002	28136
0.29642856	28162
0.29785717	27983
0.2992857	27760
0.3007143	27976
0.30214286	27875
0.3035714	28217
0.305	27821
0.30642855	27724
0.30785716	28204
0.3092857	27746
0.3107143	28207
0.31214285	28157
0.31357145	27916
0.315	27691
0.31642857	27741
0.31785715	27807
0.3192857	27823
0.3207143	27708
0.32214284	27974
0.32357144	27742
0.325	27600
0.3264286	27854
0.32785714	27549
0.32928574	27845
0.3307143	27731
0.33214283	27582
0.33357143	28068
0.33499998	27968
0.33642858	27974
0.33785713	27857
0.33928573	28027
0.34071428	28350
0.34214288	28032
0.34357142	28241
0.345	27881
0.34642857	28356
0.34785712	28287
0.34928572	28113
0.35071427	28164
0.35214287	28356
0.35357141	28218
0.35500002	28267
0.35642856	28503
0.35785717	28678
0.3592857	28743
0.3607143	28500
0.36214286	28875
0.3635714	28849
0.365	28991
0.36642855	29262
0.36785716	29086
0.3692857	29160
0.3707143	29191
0.37214285	29288
0.37357146	29673
0.375	29495
0.37642854	29833
0.37785715	29793
0.3792857	29821
0.3807143	30179
0.38214284	30155
0.38357145	30202
0.385	30435
0.3864286	30920
0.38785714	30909
0.3892857	31175
0.3907143	31574
0.39214283	31329
0.39357144	31689
0.39499998	32264
0.39642859	32002
0.39785713	32464
0.39928573	32697
0.40071428	32841
0.40214288	33003
0.40357143	33557
0.405	33643
0.40642858	34146
0.40785712	34559
0.40928572	34785
0.41071427	35194
0.41214287	35776
0.41357142	35900
0.41500002	36323
0.41642857	36885
0.41785717	37462
0.4192857	37691
0.42071426	38056
0.42214286	38436
0.4235714	39328
0.425	39917
0.42642856	40334
0.42785716	41165
0.4292857	41690
0.4307143	42608
0.43214285	43018
0.43357143	43956
0.435	44609
0.43642855	45040
0.43785715	46055
0.4392857	47130
0.4407143	47927
0.44214284	48904
0.44357145	49930
0.445	50678
0.4464286	51545
0.44785714	52918
0.4492857	53658
0.4507143	55090
0.45214283	55615
0.45357144	57411
0.45499998	58341
0.4564286	59458
0.45785713	61484
0.45928574	61496
0.46071428	62974
0.46214288	63930
0.46357143	65198
0.46499997	66006
0.46642858	67117
0.46785712	67358
0.46928573	67465
0.47071427	67436
0.47214288	65978
0.47357142	64152
0.47500002	60582
0.47642857	56025
0.47785714	50624
0.47928572	45537
0.48071426	40845
0.48214287	36999
0.4835714	34193
0.485	32220
0.48642856	30540
0.48785716	29796
0.4892857	28644
0.4907143	27884
0.49214286	27165
0.4935714	26666
0.495	25806
0.49642855	25504
0.49785715	24861
0.4992857	24339
0.5007143	23873
0.50214285	23372
0.5035714	22551
0.505	22173
0.5064286	21781
0.50785714	21280
0.5092857	20880
0.5107143	20278
0.5121429	19639
0.51357144	19604
0.515	18991
0.5164286	18123
0.51785713	17770
0.5192857	17390
0.5207143	16822
0.5221429	16193
0.52357143	15892
0.525	15261
0.5264286	14676
0.5278572	14274
0.52928567	13728
0.5307143	13154
0.5321429	12768
0.5335714	12005
0.53499997	11756
0.5364286	11365
0.5378572	10751
0.5392857	10272
0.54071426	9610
0.54214287	9262
0.5435715	8727
0.54499996	8282
0.54642856	7898
0.54785717	7366
0.5492857	6989
0.55071425	6480
0.55214286	6103
0.55357146	5665
0.555	5338
0.55642855	4937
0.55785716	4527
0.55928576	4150
0.56071424	3919
0.56214285	3725
0.56357145	3459
0.565	3138
0.56642854	3165
0.56785715	2820
0.56928575	2651
0.5707143	2475
0.57214284	2357
0.57357144	2243
0.575	2110
0.57642853	1949
0.57785714	1841
0.57928574	1726
0.5807143	1703
0.58214283	1599
0.58357143	1543
0.58500004	1500
0.5864286	1454
0.5878571	1358
0.58928573	1361
0.5907143	1280
0.5921428	1240
0.5935714	1188
0.595	1190
0.5964286	1226
0.5978571	1092
0.5992857	1078
0.6007143	1003
0.6021429	1009
0.6035714	1036
0.605	1056
0.60642856	995
0.6078571	956
0.6092857	970
0.6107143	940
0.61214286	875
0.6135714	889
0.615	892
0.6164286	858
0.6178571	871
0.6192857	843
0.6207143	821
0.62214285	831
0.6235714	767
0.625	733
0.6264286	782
0.62785715	726
0.6292857	639
0.6307143	636
0.6321429	604
0.6335714	583
0.635	591
0.6364286	564
0.63785714	584
0.6392857	523
0.6407143	491
0.6421429	460
0.64357144	544
0.645	705
0.6464286	1400
0.6478571	3615
0.6492857	9188
0.6507143	23169
0.6521429	51848
0.6535714	103701
0.655	185233
0.6564286	298203
0.6578572	427245
0.6592857	545975
0.66071427	622115
0.6621429	634888
0.6635714	576976
0.66499996	467074
0.66642857	337578
0.66785717	218778
0.6692857	125642
0.67071426	65425
0.67214286	29587
0.67357147	11843
0.675	4558
0.67642856	1427
0.67785716	409
0.6792857	107
0.68071425	33
0.68214285	7
0.68357146	3
0.685	1
0.68642855	0
0.68785715	0
0.68928576	0
0.69071424	0
0.69214284	0
0.69357145	0
0.695	0
0.69642854	0
0.69785714	0
0.69928575	0
0.7007143	0
0.70214283	0
0.70357144	0
0.70500004	0
0.7064285	0
0.70785713	0
0.70928574	0
0.7107143	0
0.7121428	0
0.7135714	0
0.71500003	0
0.7164286	0
0.7178571	0
0.7192857	0
0.72071433	0
0.7221428	0
0.7235714	0
0.725	0
0.72642857	0
0.7278571	0
0.7292857	0
0.7307143	0
0.73214287	0
0.7335714	0
0.735	0
0.73642856	0
0.7378571	0
0.7392857	0
0.7407143	0
0.74214286	0
0.7435714	0
0.745	0
0.7464286	0
0.74785715	0
0.7492857	0
0.7507143	0
0.75214285	0
0.7535714	0
0.755	0
0.7564286	0
0.75785714	0
0.7592857	0
0.7607143	0
0.7621429	0
0.76357144	0
0.765	0
0.7664286	0
0.76785713	0
0.7692857	0
0.7707143	0
0.7721429	0
0.77357143	0
0.775	0
0.7764286	0
0.7778572	0
0.77928567	0
0.7807143	0
0.7821429	0
0.7835714	0
0.78499997	0
0.7864286	0
0.7878572	0
0.7892857	0
0.79071426	0
0.79214287	0
0.7935715	0
0.79499996	0
0.79642856	0
0.79785717	0
0.7992857	0
0.80071425	0
0.80214286	0
0.80357146	0
0.805	0
0.80642855	0
0.80785716	0
0.80928576	0
0.81071424	0
0.81214285	0
0.81357145	0
0.815	0
0.81642854	0
0.81785715	0
0.81928575	0
0.8207143	0
0.82214284	0
0.82357144	0
0.825	0
0.82642853	0
0.82785714	0
0.82928574	0
0.8307143	0
0.83214283	0
0.83357143	0
0.83500004	0
0.8364286	0
0.8378571	0
0.83928573	0
0.8407143	0
0.8421428	0
0.8435714	0
0.845	0
0.8464286	0
0.8478571	0
0.8492857	0
0.8507143	0
0.8521429	0
0.8535714	0
0.855	0
0.85642856	0
0.8578571	0
0.8592857	0
0.8607143	0
0.86214286	0
0.8635714	0
0.865	0
0.8664286	0
0.8678571	0
0.8692857	0
0.8707143	0
0.87214285	0
0.8735714	0
0.875	0
0.8764286	0
0.87785715	0
0.8792857	0
0.8807143	0
0.8821429	0
0.8835714	0
0.885	0
0.8864286	0
0.88785714	0
0.8892857	0
0.8907143	0
0.8921429	0
0.89357144	0
0.895	0
0.8964286	0
0.8978571	0
0.8992857	0
0.9007143	0
0.9021429	0
0.9035714	0
0.905	0
0.9064286	0
0.9078572	0
0.9092857	0
0.91071427	0
0.9121429	0
0.9135714	0
0.91499996	0
0.91642857	0
0.91785717	0
0.9192857	0
0.92071426	0
0.92214286	0
0.92357147	0
0.925	0
0.92642856	0
0.92785716	0
0.9292857	0
0.93071425	0
0.93214285	0
0.93357146	0
0.935	0
0.93642855	0
0.93785715	0
0.93928576	0
0.94071424	0
0.94214284	0
0.94357145	0
0.945	0
0.94642854	0
0.94785714	0
0.94928575	0
0.9507143	0
0.95214283	0
0.95357144	0
0.95500004	0
0.9564285	0
0.95785713	0
0.95928574	0
0.9607143	0
0.9621428	0
0.9635714	0
0.96500003	0
0.9664286	0
0.9678571	0
0.9692857	0
0.97071433	0
0.9721428	0
0.9735714	0
0.975	0
0.97642857	0
0.9778571	0
0.9792857	0
0.9807143	0
0.98214287	0
0.9835714	0
0.985	0
0.98642856	0
0.9878571	0
0.9892857	0
0.9907143	0
0.99214286	0
0.9935714	0
0.995	0
0.9964286	0
0.99785715	0
0.9992857	0
1.0007143	0
1.0021429	0
1.0035714	0
1.005	0
1.0064286	0
1.0078571	0
1.0092857	0
1.0107143	0
1.0121429	0
1.0135715	0
1.015	0
1.0164286	0
1.0178571	0
1.0192857	0
1.0207143	0
1.0221429	0
1.0235715	0
1.025	0
1.0264286	0
1.0278572	0
1.0292857	0
1.0307143	0
1.0321429	0
1.0335715	0
1.035	0
1.0364286	0
1.0378572	0
1.0392857	0
1.0407143	0
1.0421429	0
1.0435715	0
1.045	0
1.0464286	0
1.0478572	0
1.0492857	0
1.0507143	0
1.0521429	0
1.0535715	0
1.0550001	0
1.0564286	0
1.0578572	0
1.0592856	0
1.0607142	0
1.0621428	0
1.0635715	0
1.065	0
1.0664285	0
1.0678571	0
1.0692858	0
1.0707142	0
1.0721428	0
1.0735714	0
1.075	0
1.0764285	0
1.0778571	0
1.0792857	0
1.0807142	0
1.0821428	0
1.0835714	0
1.085	0
1.0864286	0
1.0878571	0
1.0892857	0
1.0907142	0
1.0921428	0
1.0935714	0
1.095	0
1.0964286	0
1.0978571	0
1.0992857	0
1.1007143	0
1.1021428	0
1.1035714	0
1.105	0
1.1064286	0
1.1078571	0
1.1092857	0
1.1107143	0
1.1121428	0
1.1135714	0
1.115	0
1.1164286	0
1.1178572	0
1.1192857	0
1.1207143	0
1.1221428	0
1.1235714	0
1.125	0
1.1264286	0
1.1278572	0
1.1292857	0
1.1307143	0
1.1321428	0
1.1335714	0
1.135	0
1.1364286	0
1.1378572	0
1.1392857	0
1.1407143	0
1.1421429	0
1.1435714	0
1.145	0
1.1464286	0
1.1478572	0
1.1492857	0
1.1507143	0
1.1521429	0
1.1535714	0
1.155	0
1.1564286	0
1.1578572	0
1.1592858	0
1.1607143	0
1.1621429	0
1.1635714	0
1.165	0
1.1664286	0
1.1678572	0
1.1692858	0
1.1707143	0
1.1721429	0
1.1735715	0
1.175	0
1.1764286	0
1.1778572	0
1.1792858	0
1.1807142	0
1.1821429	0
1.1835715	0
1.185	0
1.1864285	0
1.1878572	0
1.1892858	0
1.1907144	0
1.1921428	0
1.1935714	0
1.1949999	0
1.1964285	0
1.1978571	0
1.1992857	0
1.2007143	0
1.2021428	0
1.2035714	0
1.205	0
1.2064285	0
1.2078571	0
1.2092857	0
1.2107143	0
1.2121428	0
1.2135714	0
1.215	0
1.2164285	0
1.2178571	0
1.2192857	0
1.2207143	0
1.2221428	0
1.2235714	0
1.225	0
1.2264285	0
1.2278571	0
1.2292857	0
1.2307143	0
1.2321429	0
1.2335714	0
1.235	0
1.2364285	0
1.2378571	0
1.2392857	0
1.2407143	0
1.2421429	0
1.2435714	0
1.245	0
1.2464286	0
1.2478571	0
1.2492857	0
1.2507143	0
1.2521429	0
1.2535714	0
1.255	0
1.2564286	0
1.2578571	0
1.2592857	0
1.2607143	0
1.2621429	0
1.2635715	0
1.265	0
1.2664286	0
1.2678571	0
1.2692857	0
1.2707143	0
1.2721429	0
1.2735715	0
1.275	0
1.2764286	0
1.2778572	0
1.2792857	0
1.2807143	0
1.2821429	0
1.2835715	0
1.285	0
1.2864286	0
1.2878572	0
1.2892857	0
1.2907143	0
1.2921429	0
1.2935715	0
1.295	0
1.2964286	0
1.2978572	0
1.2992857	0
1.3007143	0
1.3021429	0
1.3035715	0
1.3050001	0
1.3064286	0
1.3078572	0
1.3092856	0
1.3107142	0
1.3121428	0
1.3135715	0
1.315	0
1.3164285	0
1.3178571	0
1.3192858	0
1.3207142	0
1.3221428	0
1.3235714	0
1.325	0
1.3264285	0
1.3278571	0
1.3292857	0
1.3307142	0
1.3321428	0
1.3335714	0
1.335	0
1.3364286	0
1.3378571	0
1.3392857	0
1.3407142	0
1.3421428	0
1.3435714	0
1.345	0
1.3464286	0
1.3478571	0
1.3492857	0
1.3507143	0
1.3521428	0
1.3535714	0
1.355	0
1.3564286	0
1.3578571	0
1.3592857	0
1.3607143	0
1.3621428	0
1.3635714	0
1.365	0
1.3664286	0
1.3678572	0
1.3692857	0
1.3707143	0
1.3721428	0
1.3735714	0
1.375	0
1.3764286	0
1.3778572	0
1.3792857	0
1.3807143	0
1.3821428	0
1.3835714	0
1.385	0
1.3864286	0
1.3878572	0
1.3892857	0
1.3907143	0
1.3921429	0
1.3935714	0
1.395	0
1.3964286	0
1.3978572	0
1.3992857	0
1.4007143	0
1.4021429	0
1.4035714	0
1.405	0
1.4064286	0
1.4078572	0
1.4092858	0
1.4107143	0
1.4121429	0
1.4135714	0
1.415	0
1.4164286	0
1.4178572	0
1.4192858	0
1.4207143	0
1.4221429	0
1.4235715	0
1.425	0
1.4264286	0
1.4278572	0
1.4292858	0
1.4307142	0
1.4321429	0
1.4335715	0
1.435	0
1.4364285	0
1.4378572	0
1.4392858	0
1.4407144	0
1.4421428	0
1.4435714	0
1.4449999	0
1.4464285	0
1.4478571	0
1.4492857	0
1.4507143	0
1.4521428	0
1.4535714	0
1.455	0
1.4564285	0
1.4578571	0
1.4592857	0
1.4607143	0
1.4621428	0
1.4635714	0
1.465	0
1.4664285	0
1.4678571	0
1.4692857	0
1.4707143	0
1.4721428	0
1.4735714	0
1.475	0
1.4764285	0
1.4778571	0
1.4792857	0
1.4807143	0
1.4821429	0
1.4835714	0
1.485	0
1.4864285	0
1.4878571	0
1.4892857	0
1.4907143	0
1.4921429	0
1.4935714	0
1.495	0
1.4964286	0
1.4978571	0
1.4992857	0
1.5007143	0
1.5021429	0
1.5035714	0
1.505	0
1.5064286	0
1.5078571	0
1.5092857	0
1.5107143	0
1.5121429	0
1.5135715	0
1.515	0
1.5164286	0
1.5178571	0
1.5192857	0
1.5207143	0
1.5221429	0
1.5235715	0
1.525	0
1.5264286	0
1.5278572	0
1.5292857	0
1.5307143	0
1.5321429	0
1.5335715	0
1.535	0
1.5364286	0
1.5378572	0
1.5392857	0
1.5407143	0
1.5421429	0
1.5435715	0
1.545	0
1.5464286	0
1.5478572	0
1.5492857	0
1.5507143	0
1.5521429	0
1.5535715	0
1.5550001	0
1.5564286	0
1.5578572	0
1.5592856	0
1.5607142	0
1.5621428	0
1.5635715	0
1.565	0
1.5664285	0
1.5678571	0
1.5692858	0
1.5707142	0
1.5721428	0
1.5735714	0
1.575	0
1.5764285	0
1.5778571	0
1.5792857	0
1.5807142	0
1.5821428	0
1.5835714	0
1.585	0
1.5864286	0
1.5878571	0
1.5892857	0
1.5907142	0
1.5921428	0
1.5935714	0
1.595	0
1.5964286	0
1.5978571	0
1.5992857	0
1.6007143	0
1.6021428	0
1.6035714	0
1.605	0
1.6064286	0
1.6078571	0
1.6092857	0
1.6107143	0
1.6121428	0
1.6135714	0
1.615	0
1.6164286	0
1.6178572	0
1.6192857	0
1.6207143	0
1.6221428	0
1.6235714	0
1.625	0
1.6264286	0
1.6278572	0
1.6292857	0
1.6307143	0
1.6321428	0
1.6335714	0
1.635	0
1.6364286	0
1.6378572	0
1.6392857	0
1.6407143	0
1.6421429	0
1.6435714	0
1.645	0
1.6464286	0
1.6478572	0
1.6492857	0
1.6507143	0
1.6521429	0
1.6535714	0
1.655	0
1.6564286	0
1.6578572	0
1.6592858	0
1.6607143	0
1.6621429	0
1.6635714	0
1.665	0
1.6664286	0
1.6678572	0
1.6692858	0
1.6707143	0
1.6721429	0
1.6735715	0
1.675	0
1.6764286	0
1.6778572	0
1.6792858	0
1.6807142	0
1.6821429	0
1.6835715	0
1.685	0
1.6864285	0
1.6878572	0
1.6892858	0
1.6907144	0
1.6921428	0
1.6935714	0
1.6949999	0
1.6964285	0
1.6978571	0
1.6992857	0
1.7007143	0
1.7021428	0
1.7035714	0
1.705	0
1.7064285	0
1.7078571	0
1.7092857	0
1.7107143	0
1.7121428	0
1.7135714	0
1.715	0
1.7164285	0
1.7178571	0
1.7192857	0
1.7207143	0
1.7221428	0
1.7235714	0
1.725	0
1.7264285	0
1.7278571	0
1.7292857	0
1.7307143	0
1.7321429	0
1.7335714	0
1.735	0
1.7364285	0
1.7378571	0
1.7392857	0
1.7407143	0
1.7421429	0
1.7435714	0
1.745	0
1.7464286	0
1.7478571	0
1.7492857	0
1.7507143	0
1.7521429	0
1.7535714	0
1.755	0
1.7564286	0
1.7578571	0
1.7592857	0
1.7607143	0
1.7621429	0
1.7635715	0
1.765	0
1.7664286	0
1.7678571	0
1.7692857	0
1.7707143	0
1.7721429	0
1.7735715	0
1.775	0
1.7764286	0
1.7778572	0
1.7792857	0
1.7807143	0
1.7821429	0
1.7835715	0
1.785	0
1.7864286	0
1.7878572	0
1.7892857	0
1.7907143	0
1.7921429	0
1.7935715	0
1.795	0
1.7964286	0
1.7978572	0
1.7992857	0
1.8007143	0
1.8021429	0
1.8035715	0
1.8050001	0
1.8064286	0
1.8078572	0
1.8092856	0
1.8107142	0
1.8121428	0
1.8135715	0
1.815	0
1.8164285	0
1.8178571	0
1.8192858	0
1.8207142	0
1.8221428	0
1.8235714	0
1.825	0
1.8264285	0
1.8278571	0
1.8292857	0
1.8307142	0
1.8321428	0
1.8335714	0
1.835	0
1.8364286	0
1.8378571	0
1.8392857	0
1.8407142	0
1.8421428	0
1.8435714	0
1.845	0
1.8464286	0
1.8478571	0
1.8492857	0
1.8507143	0
1.8521428	0
1.8535714	0
1.855	0
1.8564286	0
1.8578571	0
1.8592857	0
1.8607143	0
1.8621428	0
1.8635714	0
1.865	0
1.8664286	0
1.8678572	0
1.8692857	0
1.8707143	0
1.8721428	0
1.8735714	0
1.875	0
1.8764286	0
1.8778572	0
1.8792857	0
1.8807143	0
1.8821428	0
1.8835714	0
1.885	0
1.8864286	0
1.8878572	0
1.8892857	0
1.8907143	0
1.8921429	0
1.8935714	0
1.895	0
1.8964286	0
1.8978572	0
1.8992857	0
1.9007143	0
1.9021429	0
1.9035714	0
1.905	0
1.9064286	0
1.9078572	0
1.9092858	0
1.9107143	0
1.9121429	0
1.9135714	0
1.915	0
1.9164286	0
1.9178572	0
1.9192858	0
1.9207143	0
1.9221429	0
1.9235715	0
1.925	0
1.9264286	0
1.9278572	0
1.9292858	0
1.9307142	0
1.9321429	0
1.9335715	0
1.935	0
1.9364285	0
1.9378572	0
1.9392858	0
1.9407144	0
1.9421428	0
1.9435714	0
1.9449999	0
1.9464285	0
1.9478571	0
1.9492857	0
1.9507143	0
1.9521428	0
1.9535714	0
1.955	0
1.9564285	0
1.9578571	0
1.9592857	0
1.9607143	0
1.9621428	0
1.9635714	0
1.965	0
1.9664285	0
1.9678571	0
1.9692857	0
1.9707143	0
1.9721428	0
1.9735714	0
1.975	0
1.9764285	0
1.9778571	0
1.9792857	0
1.9807143	0
1.9821429	0
1.9835714	0
1.985	0
1.9864285	0
1.9878571	0
1.9892857	0
1.9907143	0
1.9921429	0
1.9935714	0
1.995	0
1.9964286	0
1.9978571	0
1.9992857	0
